RAID 3 4 41 0 1275 56 3341 429 
Posts 1220924 0 0 0 0 0 0 0 0 0 
RAID 4 15 24 0 1447 69 9989 0 
Posts 209372 0 0 0 0 0 0 0 0 0 
RAID 5 10 27 0 961 72 6999 1386 
Posts 1201674 0 0 0 0 0 0 0 0 0 
RAID 6 30 6 0 1426 57 11303 0 
Posts 1206326 0 0 0 0 0 0 0 0 0 
RAID 7 25 7 0 1358 57 11303 0 
Posts 1206326 1206331 0 0 0 0 0 0 0 0 
RAID 8 15 8 0 729 57 11303 751 
Posts 1206439 1206328 1206326 1206333 1206331 0 0 0 0 0 
RAID 9 20 9 0 464 57 11303 1125 
Posts 1206331 1206326 0 0 0 0 0 0 0 0 
RAID 10 30 11 0 995 57 11303 24 
Posts 1206326 1206328 1206331 1206333 1206439 0 0 0 0 0 
RAID 11 5 12 0 1645 57 11303 31 
Posts 1206331 1206326 0 0 0 0 0 0 0 0 
RAID 12 10 20 0 535 57 11303 65 
Posts 1206326 1206331 0 0 0 0 0 0 0 0 
RAID 13 15 21 0 898 57 11303 605 
Posts 1206331 1206326 0 0 0 0 0 0 0 0 
RAID 14 20 22 0 1308 57 11303 62 
Posts 1206326 1206331 0 0 0 0 0 0 0 0 
RAID 15 30 23 0 776 57 11303 9 
Posts 1206326 1206331 0 0 0 0 0 0 0 0 
RAID 16 10 24 0 793 57 11303 0 
Posts 1206331 1206326 0 0 0 0 0 0 0 0 
RAID 17 10 25 0 0 57 11303 370 
Posts 1206326 1206331 0 0 0 0 0 0 0 0 
RAID 18 25 26 0 151 57 11303 290 
Posts 1206326 1206331 0 0 0 0 0 0 0 0 
RAID 19 15 35 0 0 57 11303 805 
Posts 1206326 0 0 0 0 0 0 0 0 0 
RAID 20 10 36 0 97 57 11303 81 
Posts 1206331 1206326 0 0 0 0 0 0 0 0 
RAID 21 15 40 0 199 57 11303 0 
Posts 1206331 1206326 0 0 0 0 0 0 0 0 
RAID 22 30 41 0 98 57 11303 24 
Posts 1206326 1206331 0 0 0 0 0 0 0 0 
RAID 23 15 42 0 0 57 11303 65 
Posts 1206331 1206326 0 0 0 0 0 0 0 0 
RAID 24 10 43 0 0 57 11303 125 
Posts 1206331 1206326 0 0 0 0 0 0 0 0 
RAID 25 30 44 0 93 57 11303 68 
Posts 1206326 1206331 0 0 0 0 0 0 0 0 
RAID 26 30 45 0 418 57 11303 0 
Posts 1206326 0 0 0 0 0 0 0 0 0 
RAID 27 10 46 0 73 57 11303 1890 
Posts 1206326 1206331 0 0 0 0 0 0 0 0 
RAID 28 30 47 0 204 57 11303 0 
Posts 1206331 1206326 0 0 0 0 0 0 0 0 
RAID 29 25 48 0 141 57 11303 0 
Posts 1206331 1206326 0 0 0 0 0 0 0 0 
RAID 30 15 63 0 0 57 11303 257 
Posts 1206331 1206326 0 0 0 0 0 0 0 0 
RAID 31 30 64 0 1071 57 11303 0 
Posts 1206326 1206331 0 0 0 0 0 0 0 0 
RAID 32 30 65 0 75 57 11303 0 
Posts 1206331 1206328 1206439 1206326 1206333 0 0 0 0 0 
RAID 33 15 68 0 0 57 11303 0 
Posts 1206331 1206326 0 0 0 0 0 0 0 0 
RAID 34 15 71 0 0 57 11303 0 
Posts 1206331 1206326 0 0 0 0 0 0 0 0 
RAID 35 10 72 0 187 57 11303 0 
Posts 1206326 1206331 0 0 0 0 0 0 0 0 
RAID 36 18 67 0 0 61 8668 80 
Posts 1218454 1218460 0 0 0 0 0 0 0 0 
END_OF_RAIDS
