SOCIETY
Name Dragon`
PName Dragons`
AName Dragon`
Adj `
Gen 1 843 1210861 1211022 0 1 0 0 0 50 216 0 1 0 250 0 181
Needs 0 31
Objects 0 0
Alert 0 0 0 0
Alife 40 -10 20 20
Affinity 0 0 0 0 0 0 0 0 0 0
Kills 0 376 521 0 0 0 0 0 0 0
KilledBy 0 0 0 0 0 0 0 0 0 0
RumorsKnown 0 0 0 0 0 0 0 0 0 0 0 0 0 0 0 0 0 0 0 0 0 0 0 0 0 0 0 0 0 0 0 0 0 0 0 0 0 0 0 0 0 0 0 0 0 0 0 0 0 0 0 0 0 0 0 0 0 0 0 0 0 0 0 0 0 0 0 0 0 0 0 0 0 0 0 0 0 0 0 0 0 0 0 0 0 0 0 0 0 0 -2147483648 0 0 0 0 0 0 0 0 0
RelicRaid 0 0 0
RawWant 0 0 0 0 0 0 0 0
RawCurr 50002 533021 533021 533010 533009 532966 533021 533032
CStart 111300 111310 111320 111330 111340 111350 111360 111370 111380 0
CMaxPop 15 13 11 11 13 10 14 15 11 3
CMaxTier 3 5 5 5 5 5 5 5 5 1
CCurrTier 3 1 1 2 2 1 1 2 1 1
CChance 2 6 6 7 6 6 6 7 6 4
CBaseChance 1 5 5 5 5 5 5 5 5 2
CFlags 512 1 1 1 1 1 1 1 1 0
GuardPosts 1210896 1210861 1211022 1210865 0 0 0 0 0 0
Flag Room 0 0 136253440
END_SOCIETY

SOCIETY
Name Undead`
PName Undead`
AName Undead`
Adj `
Gen 2 1867 1208360 1208462 0 3 0 0 2 50 0 0 9 0 130 0 181
Needs 0 31
Objects 0 0
Alert 0 0 0 0
Alife 10 2 30 10
Affinity 0 0 0 0 0 0 0 0 0 0
Kills 0 188 330 0 0 0 0 0 0 0
KilledBy 0 0 0 0 0 0 0 0 0 0
RumorsKnown 0 0 0 0 0 0 0 0 0 0 0 0 0 0 0 0 0 0 0 0 0 0 0 0 0 0 0 0 0 0 0 0 0 0 0 0 0 0 0 0 0 0 0 0 0 0 0 0 0 0 0 0 0 0 0 0 0 0 0 0 0 0 0 0 0 0 0 0 0 0 0 0 0 0 0 0 0 0 0 0 0 0 0 0 0 0 0 0 0 0 0 0 0 0 0 0 0 0 0 0
RelicRaid 0 0 0
RawWant 0 0 0 0 0 0 0 0
RawCurr 291 181362 181414 181438 181341 181347 181361 181377
CStart 110010 110011 110016 110020 110025 110030 110035 110040 110045 0
CMaxPop 15 17 14 14 10 13 10 5 11 0
CMaxTier 1 3 3 3 3 3 2 3 3 0
CCurrTier 1 1 2 1 1 1 1 1 1 0
CChance 10 36 22 15 9 6 4 2 1 0
CBaseChance 5 34 21 13 8 5 3 2 1 0
CFlags 512 1 1 1 1 1 1 2 48 0
GuardPosts 1208451 0 0 1208422 1208362 1208452 0 1208421 0 1208462
Flag Room 0 0 1642496
END_SOCIETY


END_OF_SOCIETIES
