TH 101 0 0 0 0 0 0 0 0 0 6
EN_TH

TH 102 0 0 0 0 0 0 0 0 0 6
EN_TH

TH 1001 0 0 0 0 0 0 0 0 0 6
EN_TH

TH 1031 1 100 0 0 0 0 120 1 0 6
Val money 1175 4 4 0 0 0 0 0 `
EN_TH

TH 1031 1 100 0 0 0 0 120 1 0 6
Val money 1926 4 1 0 0 0 0 0 `
EN_TH

TH 1040 1 100 0 0 0 0 200 1 0 6
Val money 22 12 1 0 0 0 0 0 `
EN_TH

TH 1031 1 100 0 0 0 0 120 1 0 6
Val money 1123 1 3 0 0 0 0 0 `
EN_TH

TH 1031 1 100 0 0 0 0 120 1 0 6
Val money 1710 2 0 0 0 0 0 0 `
EN_TH

TH 1002 0 0 0 0 0 0 0 1 0 6
EN_TH

TH 1031 1 100 0 0 0 0 120 1 0 6
Val money 1594 0 6 0 0 0 0 0 `
EN_TH

TH 1031 1 100 0 0 0 0 120 1 0 6
Val money 1406 2 2 0 0 0 0 0 `
EN_TH

TH 1031 1 100 0 0 0 0 120 1 0 6
Val money 1717 4 2 0 0 0 0 0 `
EN_TH

TH 1031 1 100 0 0 0 0 120 1 0 6
Val money 1475 2 4 0 0 0 0 0 `
EN_TH

TH 1031 1 100 0 0 0 0 120 1 0 6
Val money 1328 5 3 0 0 0 0 0 `
EN_TH

TH 1003 0 0 0 0 0 0 0 1 0 6
EN_TH

TH 1031 1 100 0 0 0 0 120 1 0 6
Val money 1817 9 8 0 0 0 0 0 `
EN_TH

TH 1031 1 100 0 0 0 0 120 1 0 6
Val money 1283 9 0 0 0 0 0 0 `
EN_TH

TH 1031 1 100 0 0 0 0 120 1 0 6
Val money 1760 9 6 0 0 0 0 0 `
EN_TH

TH 1031 1 100 0 0 0 0 120 1 0 6
Val money 1315 2 0 0 0 0 0 0 `
EN_TH

TH 1031 1 100 0 0 0 0 120 1 0 6
Val money 1213 9 5 0 0 0 0 0 `
EN_TH

TH 1004 0 0 0 0 0 0 0 1 0 6
EN_TH

TH 1031 1 100 0 0 0 0 120 1 0 6
Val money 1996 1 2 0 0 0 0 0 `
EN_TH

TH 1031 1 100 0 0 0 0 120 1 0 6
Val money 1358 4 0 0 0 0 0 0 `
EN_TH

TH 1031 1 100 0 0 0 0 120 1 0 6
Val money 1662 0 4 0 0 0 0 0 `
EN_TH

TH 1031 1 100 0 0 0 0 120 1 0 6
Val money 1171 7 1 0 0 0 0 0 `
EN_TH

TH 1036 1 100 0 0 0 0 100 1 0 6
Val money 24 0 0 0 0 0 0 0 `
EN_TH

TH 1031 1 100 0 0 0 0 120 1 0 6
Val money 1666 9 5 0 0 0 0 0 `
EN_TH

TH 1005 0 0 0 0 0 0 0 1 0 6
EN_TH

TH 1031 1 100 0 0 0 0 120 1 0 6
Val money 1577 6 3 0 0 0 0 0 `
EN_TH

TH 1031 1 100 0 0 0 0 120 1 0 6
Val money 1249 0 4 0 0 0 0 0 `
EN_TH

TH 1031 1 100 0 0 0 0 120 1 0 6
Val money 1460 1 0 0 0 0 0 0 `
EN_TH

TH 1031 1 100 0 0 0 0 120 1 0 6
Val money 1553 8 1 0 0 0 0 0 `
EN_TH

TH 1031 1 100 0 0 0 0 120 1 0 6
Val money 1950 7 0 0 0 0 0 0 `
EN_TH

TH 1037 1 100 0 0 0 0 100 1 0 6
Val money 24 7 0 0 0 0 0 0 `
EN_TH

TH 1006 0 0 0 0 0 0 0 1 0 6
EN_TH

TH 1031 1 100 0 0 0 0 120 1 0 6
Val money 1759 5 7 0 0 0 0 0 `
EN_TH

TH 1031 1 100 0 0 0 0 120 1 0 6
Val money 1133 4 4 0 0 0 0 0 `
EN_TH

TH 1031 1 100 0 0 0 0 120 1 0 6
Val money 1332 4 4 0 0 0 0 0 `
EN_TH

TH 1031 1 100 0 0 0 0 120 1 0 6
Val money 1209 5 0 0 0 0 0 0 `
EN_TH

TH 1038 1 100 0 0 0 0 100 1 0 6
Val money 13 5 0 0 0 0 0 0 `
EN_TH

TH 1031 1 100 0 0 0 0 120 1 0 6
Val money 1688 8 7 0 0 0 0 0 `
EN_TH

TH 1007 0 0 0 0 0 0 0 1 0 6
EN_TH

TH 1031 1 100 0 0 0 0 120 1 0 6
Val money 1830 0 1 0 0 0 0 0 `
EN_TH

TH 1031 1 100 0 0 0 0 120 1 0 6
Val money 1499 3 1 0 0 0 0 0 `
EN_TH

TH 1031 1 100 0 0 0 0 120 1 0 6
Val money 1779 3 1 0 0 0 0 0 `
EN_TH

TH 1031 1 100 0 0 0 0 120 1 0 6
Val money 1688 5 7 0 0 0 0 0 `
EN_TH

TH 1039 1 100 0 0 0 0 100 1 0 6
Val money 15 9 0 0 0 0 0 0 `
EN_TH

TH 1031 1 100 0 0 0 0 120 1 0 6
Val money 1055 7 4 0 0 0 0 0 `
EN_TH

TH 1008 0 0 0 0 0 0 0 1 0 6
EN_TH

TH 1031 1 100 0 0 0 0 120 1 0 6
Val money 1984 3 0 0 0 0 0 0 `
EN_TH

TH 1031 1 100 0 0 0 0 120 1 0 6
Val money 1251 9 0 0 0 0 0 0 `
EN_TH

TH 1031 1 100 0 0 0 0 120 1 0 6
Val money 1232 1 2 0 0 0 0 0 `
EN_TH

TH 1031 1 100 0 0 0 0 120 1 0 6
Val money 1879 4 0 0 0 0 0 0 `
EN_TH

TH 1031 1 100 0 0 0 0 120 1 0 6
Val money 1770 8 5 0 0 0 0 0 `
EN_TH

TH 1009 0 0 0 0 0 0 0 1 0 6
EN_TH

TH 1031 1 100 0 0 0 0 120 1 0 6
Val money 1246 8 3 0 0 0 0 0 `
EN_TH

TH 1031 1 100 0 0 0 0 120 1 0 6
Val money 1926 3 0 0 0 0 0 0 `
EN_TH

TH 1031 1 100 0 0 0 0 120 1 0 6
Val money 1268 3 2 0 0 0 0 0 `
EN_TH

TH 1031 1 100 0 0 0 0 120 1 0 6
Val money 1947 1 0 0 0 0 0 0 `
EN_TH

TH 1033 1 100 0 0 0 0 100 1 0 6
Val money 87 80 1 0 0 0 0 0 `
EN_TH

TH 1031 1 100 0 0 0 0 120 1 0 6
Val money 1647 6 0 0 0 0 0 0 `
EN_TH

TH 1010 0 0 0 0 0 0 0 1 0 6
EN_TH

TH 1031 1 100 0 0 0 0 120 1 0 6
Val money 1110 1 2 0 0 0 0 0 `
EN_TH

TH 1031 1 100 0 0 0 0 120 1 0 6
Val money 1931 6 7 0 0 0 0 0 `
EN_TH

TH 1032 1 100 0 0 0 0 100 1 0 6
Val money 87 75 1 0 0 0 0 0 `
EN_TH

TH 1031 1 100 0 0 0 0 120 1 0 6
Val money 1180 7 2 0 0 0 0 0 `
EN_TH

TH 1031 1 100 0 0 0 0 120 1 0 6
Val money 1991 5 9 0 0 0 0 0 `
EN_TH

TH 1031 1 100 0 0 0 0 120 1 0 6
Val money 1191 4 0 0 0 0 0 0 `
EN_TH

TH 1011 0 0 0 0 0 0 0 1 0 6
EN_TH

TH 1031 1 100 0 0 0 0 120 1 0 6
Val money 1038 4 1 0 0 0 0 0 `
EN_TH

TH 1031 1 100 0 0 0 0 120 1 0 6
Val money 1392 7 6 0 0 0 0 0 `
EN_TH

TH 1031 1 100 0 0 0 0 120 1 0 6
Val money 1600 1 7 0 0 0 0 0 `
EN_TH

TH 1031 1 100 0 0 0 0 120 1 0 6
Val money 1973 4 0 0 0 0 0 0 `
EN_TH

TH 1034 1 100 0 0 0 0 50 1 0 6
Val money 63 34 0 0 0 0 0 0 `
EN_TH

TH 1031 1 100 0 0 0 0 120 1 0 6
Val money 1903 2 2 0 0 0 0 0 `
EN_TH

TH 1012 0 0 0 0 0 0 0 1 0 6
EN_TH

TH 1031 1 100 0 0 0 0 120 1 0 6
Val money 1933 9 6 0 0 0 0 0 `
EN_TH

TH 1031 1 100 0 0 0 0 120 1 0 6
Val money 1316 3 3 0 0 0 0 0 `
EN_TH

TH 1031 1 100 0 0 0 0 120 1 0 6
Val money 1094 8 4 0 0 0 0 0 `
EN_TH

TH 1035 1 100 0 0 0 0 100 1 0 6
Val money 87 75 1 0 0 0 0 0 `
EN_TH

TH 1031 1 100 0 0 0 0 120 1 0 6
Val money 1639 7 1 0 0 0 0 0 `
EN_TH

TH 1031 1 100 0 0 0 0 120 1 0 6
Val money 1121 8 4 0 0 0 0 0 `
EN_TH

TH 1013 0 0 0 0 0 0 0 1 0 6
EN_TH

TH 1031 1 100 0 0 0 0 120 1 0 6
Val money 1605 0 0 0 0 0 0 0 `
EN_TH

TH 1031 1 100 0 0 0 0 120 1 0 6
Val money 1331 8 5 0 0 0 0 0 `
EN_TH

TH 1031 1 100 0 0 0 0 120 1 0 6
Val money 1890 9 5 0 0 0 0 0 `
EN_TH

TH 1031 1 100 0 0 0 0 120 1 0 6
Val money 1443 3 4 0 0 0 0 0 `
EN_TH

TH 1031 1 100 0 0 0 0 120 1 0 6
Val money 1086 3 3 0 0 0 0 0 `
EN_TH

TH 1031 1 100 0 0 0 0 120 1 0 6
Val money 1767 9 7 0 0 0 0 0 `
EN_TH

TH 1031 1 100 0 0 0 0 120 1 0 6
Val money 1625 0 2 0 0 0 0 0 `
EN_TH

TH 1031 1 100 0 0 0 0 120 1 0 6
Val money 1529 1 1 0 0 0 0 0 `
EN_TH

TH 1031 1 100 0 0 0 0 120 1 0 6
Val money 1073 2 2 0 0 0 0 0 `
EN_TH

TH 1031 1 100 0 0 0 0 120 1 0 6
Val money 1785 5 4 0 0 0 0 0 `
EN_TH

TH 1014 0 0 0 0 0 0 0 1 0 6
EN_TH

TH 1031 1 100 0 0 0 0 120 1 0 6
Val money 1181 5 4 0 0 0 0 0 `
EN_TH

TH 1031 1 100 0 0 0 0 120 1 0 6
Val money 1380 5 5 0 0 0 0 0 `
EN_TH

TH 1031 1 100 0 0 0 0 120 1 0 6
Val money 1858 0 3 0 0 0 0 0 `
EN_TH

TH 1031 1 100 0 0 0 0 120 1 0 6
Val money 1442 8 3 0 0 0 0 0 `
EN_TH

TH 1031 1 100 0 0 0 0 120 1 0 6
Val money 1860 6 7 0 0 0 0 0 `
EN_TH

TH 1015 0 0 0 0 0 0 0 1 0 6
EN_TH

TH 1031 1 100 0 0 0 0 120 1 0 6
Val money 1091 1 3 0 0 0 0 0 `
EN_TH

TH 1031 1 100 0 0 0 0 120 1 0 6
Val money 1247 1 1 0 0 0 0 0 `
EN_TH

TH 1031 1 100 0 0 0 0 120 1 0 6
Val money 1620 1 0 0 0 0 0 0 `
EN_TH

TH 1031 1 100 0 0 0 0 120 1 0 6
Val money 1566 9 1 0 0 0 0 0 `
EN_TH

TH 1031 1 100 0 0 0 0 120 1 0 6
Val money 1966 6 5 0 0 0 0 0 `
EN_TH

TH 1016 0 0 0 0 0 0 0 1 0 6
EN_TH

TH 1031 1 100 0 0 0 0 120 1 0 6
Val money 1396 6 0 0 0 0 0 0 `
EN_TH

TH 1031 1 100 0 0 0 0 120 1 0 6
Val money 1297 0 6 0 0 0 0 0 `
EN_TH

TH 1031 1 100 0 0 0 0 120 1 0 6
Val money 1749 2 0 0 0 0 0 0 `
EN_TH

TH 1031 1 100 0 0 0 0 120 1 0 6
Val money 1804 1 0 0 0 0 0 0 `
EN_TH

TH 1031 1 100 0 0 0 0 120 1 0 6
Val money 1038 5 2 0 0 0 0 0 `
EN_TH

TH 1017 0 0 0 0 0 0 0 1 0 6
EN_TH

TH 1031 1 100 0 0 0 0 120 1 0 6
Val money 1976 7 0 0 0 0 0 0 `
EN_TH

TH 1031 1 100 0 0 0 0 120 1 0 6
Val money 1557 1 3 0 0 0 0 0 `
EN_TH

TH 1031 1 100 0 0 0 0 120 1 0 6
Val money 1391 9 5 0 0 0 0 0 `
EN_TH

TH 1031 1 100 0 0 0 0 120 1 0 6
Val money 1485 0 3 0 0 0 0 0 `
EN_TH

TH 1031 1 100 0 0 0 0 120 1 0 6
Val money 1722 0 6 0 0 0 0 0 `
EN_TH

TH 1051 0 0 0 0 0 0 0 2 0 6
EN_TH

TH 1081 1 100 0 0 0 0 120 2 0 6
Val money 7 15 0 0 0 0 0 0 `
EN_TH

TH 1081 1 100 0 0 0 0 120 2 0 6
Val money 12 7 0 0 0 0 0 0 `
EN_TH

TH 1090 1 100 0 0 0 0 200 2 0 6
Val money 7 10 1 0 0 0 0 0 `
EN_TH

TH 1081 1 100 0 0 0 0 120 2 0 6
Val money 23 1 0 0 0 0 0 0 `
EN_TH

TH 1081 1 100 0 0 0 0 120 2 0 6
Val money 6 8 0 0 0 0 0 0 `
EN_TH

TH 1081 1 100 0 0 0 0 120 2 0 6
Val money 10 8 0 0 0 0 0 0 `
EN_TH

TH 1052 0 0 0 0 0 0 0 2 0 6
EN_TH

TH 1081 1 100 0 0 0 0 120 2 0 6
Val money 14 11 0 0 0 0 0 0 `
EN_TH

TH 1081 1 100 0 0 0 0 120 2 0 6
Val money 14 6 0 0 0 0 0 0 `
EN_TH

TH 1081 1 100 0 0 0 0 120 2 0 6
Val money 14 12 0 0 0 0 0 0 `
EN_TH

TH 1081 1 100 0 0 0 0 120 2 0 6
Val money 6 8 0 0 0 0 0 0 `
EN_TH

TH 1081 1 100 0 0 0 0 120 2 0 6
Val money 4 1 0 0 0 0 0 0 `
EN_TH

TH 1053 0 0 0 0 0 0 0 2 0 6
EN_TH

TH 1081 1 100 0 0 0 0 120 2 0 6
Val money 14 13 0 0 0 0 0 0 `
EN_TH

TH 1081 1 100 0 0 0 0 120 2 0 6
Val money 13 3 0 0 0 0 0 0 `
EN_TH

TH 1081 1 100 0 0 0 0 120 2 0 6
Val money 14 8 0 0 0 0 0 0 `
EN_TH

TH 1081 1 100 0 0 0 0 120 2 0 6
Val money 3 19 0 0 0 0 0 0 `
EN_TH

TH 1081 1 100 0 0 0 0 120 2 0 6
Val money 14 3 0 0 0 0 0 0 `
EN_TH

TH 1054 0 0 0 0 0 0 0 2 0 6
EN_TH

TH 1081 1 100 0 0 0 0 120 2 0 6
Val money 4 1 0 0 0 0 0 0 `
EN_TH

TH 1081 1 100 0 0 0 0 120 2 0 6
Val money 23 10 0 0 0 0 0 0 `
EN_TH

TH 1081 1 100 0 0 0 0 120 2 0 6
Val money 22 1 0 0 0 0 0 0 `
EN_TH

TH 1081 1 100 0 0 0 0 120 2 0 6
Val money 11 7 0 0 0 0 0 0 `
EN_TH

TH 1087 1 100 0 0 0 0 100 2 0 6
Val money 11 10 0 0 0 0 0 0 `
EN_TH

TH 1081 1 100 0 0 0 0 120 2 0 6
Val money 14 0 0 0 0 0 0 0 `
EN_TH

TH 1055 0 0 0 0 0 0 0 2 0 6
EN_TH

TH 1081 1 100 0 0 0 0 120 2 0 6
Val money 9 11 0 0 0 0 0 0 `
EN_TH

TH 1081 1 100 0 0 0 0 120 2 0 6
Val money 13 16 0 0 0 0 0 0 `
EN_TH

TH 1081 1 100 0 0 0 0 120 2 0 6
Val money 17 1 0 0 0 0 0 0 `
EN_TH

TH 1086 1 100 0 0 0 0 100 2 0 6
Val money 5 15 0 0 0 0 0 0 `
EN_TH

TH 1081 1 100 0 0 0 0 120 2 0 6
Val money 10 9 0 0 0 0 0 0 `
EN_TH

TH 1081 1 100 0 0 0 0 120 2 0 6
Val money 13 12 0 0 0 0 0 0 `
EN_TH

TH 1056 0 0 0 0 0 0 0 2 0 6
EN_TH

TH 1081 1 100 0 0 0 0 120 2 0 6
Val money 20 7 0 0 0 0 0 0 `
EN_TH

TH 1081 1 100 0 0 0 0 120 2 0 6
Val money 14 1 0 0 0 0 0 0 `
EN_TH

TH 1081 1 100 0 0 0 0 120 2 0 6
Val money 17 5 0 0 0 0 0 0 `
EN_TH

TH 1081 1 100 0 0 0 0 120 2 0 6
Val money 20 1 0 0 0 0 0 0 `
EN_TH

TH 1081 1 100 0 0 0 0 120 2 0 6
Val money 14 15 0 0 0 0 0 0 `
EN_TH

TH 1088 1 100 0 0 0 0 100 2 0 6
Val money 11 1 0 0 0 0 0 0 `
EN_TH

TH 1057 0 0 0 0 0 0 0 2 0 6
EN_TH

TH 1081 1 100 0 0 0 0 120 2 0 6
Val money 8 7 0 0 0 0 0 0 `
EN_TH

TH 1081 1 100 0 0 0 0 120 2 0 6
Val money 12 4 0 0 0 0 0 0 `
EN_TH

TH 1081 1 100 0 0 0 0 120 2 0 6
Val money 20 7 0 0 0 0 0 0 `
EN_TH

TH 1089 1 100 0 0 0 0 100 2 0 6
Val money 19 3 0 0 0 0 0 0 `
EN_TH

TH 1081 1 100 0 0 0 0 120 2 0 6
Val money 10 0 0 0 0 0 0 0 `
EN_TH

TH 1081 1 100 0 0 0 0 120 2 0 6
Val money 13 14 0 0 0 0 0 0 `
EN_TH

TH 1058 0 0 0 0 0 0 0 2 0 6
EN_TH

TH 1081 1 100 0 0 0 0 120 2 0 6
Val money 4 13 0 0 0 0 0 0 `
EN_TH

TH 1081 1 100 0 0 0 0 120 2 0 6
Val money 8 2 0 0 0 0 0 0 `
EN_TH

TH 1081 1 100 0 0 0 0 120 2 0 6
Val money 13 11 0 0 0 0 0 0 `
EN_TH

TH 1081 1 100 0 0 0 0 120 2 0 6
Val money 9 16 0 0 0 0 0 0 `
EN_TH

TH 1081 1 100 0 0 0 0 120 2 0 6
Val money 10 13 0 0 0 0 0 0 `
EN_TH

TH 1059 0 0 0 0 0 0 0 2 0 6
EN_TH

TH 1081 1 100 0 0 0 0 120 2 0 6
Val money 13 3 0 0 0 0 0 0 `
EN_TH

TH 1081 1 100 0 0 0 0 120 2 0 6
Val money 14 7 0 0 0 0 0 0 `
EN_TH

TH 1083 1 100 0 0 0 0 100 2 0 6
Val money 87 78 1 0 0 0 0 0 `
EN_TH

TH 1081 1 100 0 0 0 0 120 2 0 6
Val money 8 3 0 0 0 0 0 0 `
EN_TH

TH 1081 1 100 0 0 0 0 120 2 0 6
Val money 11 10 0 0 0 0 0 0 `
EN_TH

TH 1081 1 100 0 0 0 0 120 2 0 6
Val money 7 6 0 0 0 0 0 0 `
EN_TH

TH 1060 0 0 0 0 0 0 0 2 0 6
EN_TH

TH 1081 1 100 0 0 0 0 120 2 0 6
Val money 11 0 0 0 0 0 0 0 `
EN_TH

TH 1081 1 100 0 0 0 0 120 2 0 6
Val money 14 14 0 0 0 0 0 0 `
EN_TH

TH 1081 1 100 0 0 0 0 120 2 0 6
Val money 15 16 0 0 0 0 0 0 `
EN_TH

TH 1081 1 100 0 0 0 0 120 2 0 6
Val money 24 0 0 0 0 0 0 0 `
EN_TH

TH 1082 1 100 0 0 0 0 100 2 0 6
Val money 87 76 1 0 0 0 0 0 `
EN_TH

TH 1081 1 100 0 0 0 0 120 2 0 6
Val money 16 0 0 0 0 0 0 0 `
EN_TH

TH 1061 0 0 0 0 0 0 0 2 0 6
EN_TH

TH 1081 1 100 0 0 0 0 120 2 0 6
Val money 18 3 0 0 0 0 0 0 `
EN_TH

TH 1081 1 100 0 0 0 0 120 2 0 6
Val money 12 15 0 0 0 0 0 0 `
EN_TH

TH 1081 1 100 0 0 0 0 120 2 0 6
Val money 9 14 0 0 0 0 0 0 `
EN_TH

TH 1081 1 100 0 0 0 0 120 2 0 6
Val money 8 10 0 0 0 0 0 0 `
EN_TH

TH 1084 1 100 0 0 0 0 50 2 0 6
Val money 63 44 0 0 0 0 0 0 `
EN_TH

TH 1081 1 100 0 0 0 0 120 2 0 6
Val money 18 18 0 0 0 0 0 0 `
EN_TH

TH 1062 0 0 0 0 0 0 0 2 0 6
EN_TH

TH 1081 1 100 0 0 0 0 120 2 0 6
Val money 18 4 0 0 0 0 0 0 `
EN_TH

TH 1081 1 100 0 0 0 0 120 2 0 6
Val money 12 2 0 0 0 0 0 0 `
EN_TH

TH 1081 1 100 0 0 0 0 120 2 0 6
Val money 16 0 0 0 0 0 0 0 `
EN_TH

TH 1085 1 100 0 0 0 0 100 2 0 6
Val money 87 81 1 0 0 0 0 0 `
EN_TH

TH 1081 1 100 0 0 0 0 120 2 0 6
Val money 7 8 0 0 0 0 0 0 `
EN_TH

TH 1081 1 100 0 0 0 0 120 2 0 6
Val money 17 2 0 0 0 0 0 0 `
EN_TH

TH 1063 0 0 0 0 0 0 0 0 0 6
EN_TH

TH 1081 1 100 0 0 0 0 120 2 0 6
Val money 22 6 0 0 0 0 0 0 `
EN_TH

TH 1081 1 100 0 0 0 0 120 2 0 6
Val money 13 6 0 0 0 0 0 0 `
EN_TH

TH 1081 1 100 0 0 0 0 120 2 0 6
Val money 7 1 0 0 0 0 0 0 `
EN_TH

TH 1081 1 100 0 0 0 0 120 2 0 6
Val money 20 5 0 0 0 0 0 0 `
EN_TH

TH 1081 1 100 0 0 0 0 120 2 0 6
Val money 19 9 0 0 0 0 0 0 `
EN_TH

TH 1081 1 100 0 0 0 0 120 2 0 6
Val money 22 1 0 0 0 0 0 0 `
EN_TH

TH 1081 1 100 0 0 0 0 120 2 0 6
Val money 8 0 0 0 0 0 0 0 `
EN_TH

TH 1081 1 100 0 0 0 0 120 2 0 6
Val money 19 9 0 0 0 0 0 0 `
EN_TH

TH 1081 1 100 0 0 0 0 120 2 0 6
Val money 20 4 0 0 0 0 0 0 `
EN_TH

TH 1081 1 100 0 0 0 0 120 2 0 6
Val money 7 7 0 0 0 0 0 0 `
EN_TH

TH 1064 0 0 0 0 0 0 0 2 0 6
EN_TH

TH 1081 1 100 0 0 0 0 120 2 0 6
Val money 14 17 0 0 0 0 0 0 `
EN_TH

TH 1081 1 100 0 0 0 0 120 2 0 6
Val money 15 5 0 0 0 0 0 0 `
EN_TH

TH 1081 1 100 0 0 0 0 120 2 0 6
Val money 16 12 0 0 0 0 0 0 `
EN_TH

TH 1081 1 100 0 0 0 0 120 2 0 6
Val money 15 1 0 0 0 0 0 0 `
EN_TH

TH 1081 1 100 0 0 0 0 120 2 0 6
Val money 11 3 0 0 0 0 0 0 `
EN_TH

TH 1065 0 0 0 0 0 0 0 2 0 6
EN_TH

TH 1081 1 100 0 0 0 0 120 2 0 6
Val money 18 10 0 0 0 0 0 0 `
EN_TH

TH 1081 1 100 0 0 0 0 120 2 0 6
Val money 23 0 0 0 0 0 0 0 `
EN_TH

TH 1081 1 100 0 0 0 0 120 2 0 6
Val money 14 18 0 0 0 0 0 0 `
EN_TH

TH 1081 1 100 0 0 0 0 120 2 0 6
Val money 14 0 0 0 0 0 0 0 `
EN_TH

TH 1081 1 100 0 0 0 0 120 2 0 6
Val money 8 0 0 0 0 0 0 0 `
EN_TH

TH 1066 0 0 0 0 0 0 0 2 0 6
EN_TH

TH 1081 1 100 0 0 0 0 120 2 0 6
Val money 23 3 0 0 0 0 0 0 `
EN_TH

TH 1081 1 100 0 0 0 0 120 2 0 6
Val money 16 9 0 0 0 0 0 0 `
EN_TH

TH 1081 1 100 0 0 0 0 120 2 0 6
Val money 5 1 0 0 0 0 0 0 `
EN_TH

TH 1081 1 100 0 0 0 0 120 2 0 6
Val money 7 5 0 0 0 0 0 0 `
EN_TH

TH 1081 1 100 0 0 0 0 120 2 0 6
Val money 11 9 0 0 0 0 0 0 `
EN_TH

TH 1067 0 0 0 0 0 0 0 2 0 6
EN_TH

TH 1081 1 100 0 0 0 0 120 2 0 6
Val money 18 4 0 0 0 0 0 0 `
EN_TH

TH 1081 1 100 0 0 0 0 120 2 0 6
Val money 17 15 0 0 0 0 0 0 `
EN_TH

TH 1081 1 100 0 0 0 0 120 2 0 6
Val money 19 3 0 0 0 0 0 0 `
EN_TH

TH 1081 1 100 0 0 0 0 120 2 0 6
Val money 21 14 0 0 0 0 0 0 `
EN_TH

TH 1081 1 100 0 0 0 0 120 2 0 6
Val money 17 2 0 0 0 0 0 0 `
EN_TH

TH 1069 0 0 0 0 0 0 0 0 0 6
EN_TH

TH 1091 1 100 0 0 0 0 15 0 0 6
Val money 70 2 0 0 0 0 0 0 `
EN_TH

TH 639 2 100 0 47 13 0 10 0 0 6
EN_TH

TH 609 2 100 0 274 16 0 10 0 0 6
EN_TH

TH 641 2 100 0 46 19 0 10 0 0 6
EN_TH

TH 1091 1 100 0 0 0 0 15 0 0 6
Val money 63 0 0 0 0 0 0 0 `
EN_TH

TH 643 2 100 0 97 2 0 10 0 0 6
EN_TH

TH 1091 1 100 0 0 0 0 15 0 0 6
Val money 85 1 0 0 0 0 0 0 `
EN_TH

TH 650 2 100 0 105 9 0 20 0 0 6
EN_TH

TH 602 2 100 0 97 16 0 10 0 0 6
EN_TH

TH 603 2 100 0 109 16 1 10 0 0 6
EN_TH

TH 1091 1 100 0 0 0 0 15 0 0 6
Val money 68 2 0 0 0 0 0 0 `
EN_TH

TH 643 2 100 0 95 2 0 10 0 0 6
EN_TH

TH 638 2 100 0 47 11 0 10 0 0 6
EN_TH

TH 606 2 100 0 232 16 0 10 0 0 6
EN_TH

TH 1092 1 100 0 0 0 0 30 0 0 6
Val money 280 3 0 0 0 0 0 0 `
EN_TH

TH 643 2 100 0 95 2 0 10 0 0 6
EN_TH

TH 642 2 100 0 50 21 0 10 0 0 6
EN_TH

TH 1092 1 100 0 0 0 0 30 0 0 6
Val money 177 2 0 0 0 0 0 0 `
EN_TH

TH 635 2 100 0 54 9 0 10 0 0 6
EN_TH

TH 646 2 100 0 107 13 0 10 0 0 6
EN_TH

TH 653 2 100 0 314 21 0 20 0 0 6
EN_TH

TH 1092 1 100 0 0 0 0 30 0 0 6
Val money 235 8 0 0 0 0 0 0 `
EN_TH

TH 645 2 100 0 93 11 0 10 0 0 6
EN_TH

TH 601 2 100 0 93 16 0 10 0 0 6
EN_TH

TH 1092 1 100 0 0 0 0 30 0 0 6
Val money 201 3 0 0 0 0 0 0 `
EN_TH

TH 608 2 100 0 260 16 0 10 0 0 6
EN_TH

TH 607 2 100 0 255 16 1 10 0 0 6
EN_TH

TH 647 2 100 0 93 17 0 10 0 0 6
EN_TH

TH 641 2 100 0 51 19 0 10 0 0 6
EN_TH

TH 1091 1 100 0 0 0 0 15 0 0 6
Val money 89 2 0 0 0 0 0 0 `
EN_TH

TH 640 2 100 0 53 17 0 10 0 0 6
EN_TH

TH 1092 1 100 0 0 0 0 30 0 0 6
Val money 306 7 0 0 0 0 0 0 `
EN_TH

TH 608 2 100 0 274 16 0 10 0 0 6
EN_TH

TH 600 2 100 0 98 16 1 10 0 0 6
EN_TH

TH 640 2 100 0 54 17 0 10 0 0 6
EN_TH

TH 1070 0 0 0 0 0 0 0 0 0 6
EN_TH

TH 1091 1 100 0 0 0 0 15 0 0 6
Val money 103 0 0 0 0 0 0 0 `
EN_TH

TH 637 2 100 0 46 7 0 10 0 0 6
EN_TH

TH 638 2 100 0 48 11 0 10 0 0 6
EN_TH

TH 639 2 100 0 48 13 0 10 0 0 6
EN_TH

TH 601 2 100 0 96 16 0 10 0 0 6
EN_TH

TH 607 2 100 0 234 16 1 10 0 0 6
EN_TH

TH 1091 1 100 0 0 0 0 15 0 0 6
Val money 56 0 0 0 0 0 0 0 `
EN_TH

TH 646 2 100 0 104 13 0 10 0 0 6
EN_TH

TH 648 2 100 0 106 19 0 10 0 0 6
EN_TH

TH 1091 1 100 0 0 0 0 15 0 0 6
Val money 53 1 0 0 0 0 0 0 `
EN_TH

TH 635 2 100 0 52 9 0 10 0 0 6
EN_TH

TH 638 2 100 0 51 11 0 10 0 0 6
EN_TH

TH 601 2 100 0 93 16 0 10 0 0 6
EN_TH

TH 642 2 100 0 48 21 0 10 0 0 6
EN_TH

TH 1091 1 100 0 0 0 0 15 0 0 6
Val money 94 3 0 0 0 0 0 0 `
EN_TH

TH 637 2 100 0 51 7 0 10 0 0 6
EN_TH

TH 1091 1 100 0 0 0 0 15 0 0 6
Val money 96 0 0 0 0 0 0 0 `
EN_TH

TH 638 2 100 0 49 11 0 10 0 0 6
EN_TH

TH 600 2 100 0 107 16 0 10 0 0 6
EN_TH

TH 642 2 100 0 55 21 0 10 0 0 6
EN_TH

TH 1092 1 100 0 0 0 0 30 0 0 6
Val money 285 9 0 0 0 0 0 0 `
EN_TH

TH 644 2 100 0 98 7 0 10 0 0 6
EN_TH

TH 641 2 100 0 50 19 0 10 0 0 6
EN_TH

TH 642 2 100 0 55 21 0 10 0 0 6
EN_TH

TH 1092 1 100 0 0 0 0 30 0 0 6
Val money 300 1 0 0 0 0 0 0 `
EN_TH

TH 646 2 100 0 100 13 0 10 0 0 6
EN_TH

TH 1092 1 100 0 0 0 0 30 0 0 6
Val money 169 5 0 0 0 0 0 0 `
EN_TH

TH 635 2 100 0 46 9 0 10 0 0 6
EN_TH

TH 601 2 100 0 98 16 0 10 0 0 6
EN_TH

TH 1092 1 100 0 0 0 0 30 0 0 6
Val money 258 0 0 0 0 0 0 0 `
EN_TH

TH 639 2 100 0 49 13 0 10 0 0 6
EN_TH

TH 603 2 100 0 96 16 0 10 0 0 6
EN_TH

TH 1092 1 100 0 0 0 0 30 0 0 6
Val money 295 8 0 0 0 0 0 0 `
EN_TH

TH 603 2 100 0 107 16 0 10 0 0 6
EN_TH

TH 1071 0 0 0 0 0 0 0 0 0 6
EN_TH

TH 1092 1 100 0 0 0 0 30 0 0 6
Val money 276 9 0 0 0 0 0 0 `
EN_TH

TH 646 2 100 0 110 13 0 10 0 0 6
EN_TH

TH 607 2 100 0 273 16 0 10 0 0 6
EN_TH

TH 1091 1 100 0 0 0 0 15 0 0 6
Val money 86 2 0 0 0 0 0 0 `
EN_TH

TH 635 2 100 0 49 9 0 10 0 0 6
EN_TH

TH 640 2 100 0 52 17 0 10 0 0 6
EN_TH

TH 1091 1 100 0 0 0 0 15 0 0 6
Val money 84 0 0 0 0 0 0 0 `
EN_TH

TH 609 2 100 0 245 16 0 10 0 0 6
EN_TH

TH 1091 1 100 0 0 0 0 15 0 0 6
Val money 71 0 0 0 0 0 0 0 `
EN_TH

TH 602 2 100 0 110 16 0 10 0 0 6
EN_TH

TH 1092 1 100 0 0 0 0 30 0 0 6
Val money 163 3 0 0 0 0 0 0 `
EN_TH

TH 637 2 100 0 47 7 0 10 0 0 6
EN_TH

TH 652 2 100 0 286 11 0 20 0 0 6
EN_TH

TH 600 2 100 0 100 16 0 10 0 0 6
EN_TH

TH 641 2 100 0 55 19 0 10 0 0 6
EN_TH

TH 642 2 100 0 50 21 0 10 0 0 6
EN_TH

TH 1092 1 100 0 0 0 0 30 0 0 6
Val money 183 3 0 0 0 0 0 0 `
EN_TH

TH 637 2 100 0 45 7 0 10 0 0 6
EN_TH

TH 605 2 100 0 250 16 0 10 0 0 6
EN_TH

TH 1092 1 100 0 0 0 0 30 0 0 6
Val money 271 6 0 0 0 0 0 0 `
EN_TH

TH 645 2 100 0 96 11 0 10 0 0 6
EN_TH

TH 639 2 100 0 45 13 0 10 0 0 6
EN_TH

TH 608 2 100 0 263 16 0 10 0 0 6
EN_TH

TH 648 2 100 0 108 19 0 10 0 0 6
EN_TH

TH 1091 1 100 0 0 0 0 15 0 0 6
Val money 78 3 0 0 0 0 0 0 `
EN_TH

TH 639 2 100 0 52 13 0 10 0 0 6
EN_TH

TH 603 2 100 0 105 16 0 10 0 0 6
EN_TH

TH 1091 1 100 0 0 0 0 15 0 0 6
Val money 62 1 0 0 0 0 0 0 `
EN_TH

TH 652 2 100 0 314 11 0 20 0 0 6
EN_TH

TH 601 2 100 0 97 16 0 10 0 0 6
EN_TH

TH 640 2 100 0 53 17 0 10 0 0 6
EN_TH

TH 1092 1 100 0 0 0 0 30 0 0 6
Val money 292 9 0 0 0 0 0 0 `
EN_TH

TH 647 2 100 0 96 17 0 10 0 0 6
EN_TH

TH 642 2 100 0 55 21 0 10 0 0 6
EN_TH

TH 1072 0 0 0 0 0 0 0 0 0 6
EN_TH

TH 1091 1 100 0 0 0 0 15 0 0 6
Val money 69 1 0 0 0 0 0 0 `
EN_TH

TH 636 2 100 0 50 2 0 10 0 0 6
EN_TH

TH 604 2 100 0 107 16 0 10 0 0 6
EN_TH

TH 1091 1 100 0 0 0 0 15 0 0 6
Val money 53 2 0 0 0 0 0 0 `
EN_TH

TH 604 2 100 0 106 16 0 10 0 0 6
EN_TH

TH 1091 1 100 0 0 0 0 15 0 0 6
Val money 85 0 0 0 0 0 0 0 `
EN_TH

TH 644 2 100 0 95 7 0 10 0 0 6
EN_TH

TH 1092 1 100 0 0 0 0 30 0 0 6
Val money 240 8 0 0 0 0 0 0 `
EN_TH

TH 651 2 100 0 293 2 0 20 0 0 6
EN_TH

TH 639 2 100 0 54 13 0 10 0 0 6
EN_TH

TH 609 2 100 0 258 16 0 10 0 0 6
EN_TH

TH 609 2 100 0 235 16 1 10 0 0 6
EN_TH

TH 641 2 100 0 49 19 0 10 0 0 6
EN_TH

TH 1092 1 100 0 0 0 0 30 0 0 6
Val money 224 0 1 0 0 0 0 0 `
EN_TH

TH 635 2 100 0 45 9 0 10 0 0 6
EN_TH

TH 602 2 100 0 102 16 0 10 0 0 6
EN_TH

TH 605 2 100 0 228 16 1 10 0 0 6
EN_TH

TH 1092 1 100 0 0 0 0 30 0 0 6
Val money 255 1 1 0 0 0 0 0 `
EN_TH

TH 637 2 100 0 49 7 0 10 0 0 6
EN_TH

TH 638 2 100 0 45 11 0 10 0 0 6
EN_TH

TH 601 2 100 0 104 16 0 10 0 0 6
EN_TH

TH 606 2 100 0 249 16 1 10 0 0 6
EN_TH

TH 645 2 100 0 103 0 0 10 0 0 6
EN_TH

TH 1091 1 100 0 0 0 0 15 0 0 6
Val money 98 4 0 0 0 0 0 0 `
EN_TH

TH 608 2 100 0 263 16 0 10 0 0 6
EN_TH

TH 601 2 100 0 90 16 1 10 0 0 6
EN_TH

TH 641 2 100 0 55 19 0 10 0 0 6
EN_TH

TH 1091 1 100 0 0 0 0 15 0 0 6
Val money 78 3 0 0 0 0 0 0 `
EN_TH

TH 635 2 100 0 46 9 0 10 0 0 6
EN_TH

TH 639 2 100 0 49 13 0 10 0 0 6
EN_TH

TH 601 2 100 0 90 16 0 10 0 0 6
EN_TH

TH 1092 1 100 0 0 0 0 30 0 0 6
Val money 185 3 0 0 0 0 0 0 `
EN_TH

TH 645 2 100 0 105 11 0 10 0 0 6
EN_TH

TH 646 2 100 0 91 13 0 10 0 0 6
EN_TH

TH 606 2 100 0 264 16 0 10 0 0 6
EN_TH

TH 606 2 100 0 270 16 1 10 0 0 6
EN_TH

TH 640 2 100 0 50 17 0 10 0 0 6
EN_TH

TH 1092 1 100 0 0 0 0 30 0 0 6
Val money 237 1 0 0 0 0 0 0 `
EN_TH

TH 644 2 100 0 110 7 0 10 0 0 6
EN_TH

TH 639 2 100 0 45 13 0 10 0 0 6
EN_TH

TH 609 2 100 0 274 16 0 10 0 0 6
EN_TH

TH 655 2 100 0 289 0 0 20 0 0 6
EN_TH

TH 1073 0 0 0 0 0 0 0 0 0 6
EN_TH

TH 1092 1 100 0 0 0 0 30 0 0 6
Val money 290 3 0 0 0 0 0 0 `
EN_TH

TH 644 2 100 0 92 7 0 10 0 0 6
EN_TH

TH 602 2 100 0 91 16 0 10 0 0 6
EN_TH

TH 1091 1 100 0 0 0 0 15 0 0 6
Val money 60 0 0 0 0 0 0 0 `
EN_TH

TH 636 2 100 0 50 2 0 10 0 0 6
EN_TH

TH 604 2 100 0 103 16 0 10 0 0 6
EN_TH

TH 649 2 100 0 103 21 0 10 0 0 6
EN_TH

TH 1092 1 100 0 0 0 0 30 0 0 6
Val money 294 0 1 0 0 0 0 0 `
EN_TH

TH 659 2 100 0 461 2 0 30 0 0 6
EN_TH

TH 602 2 100 0 108 16 0 10 0 0 6
EN_TH

TH 1091 1 100 0 0 0 0 15 0 0 6
Val money 91 2 0 0 0 0 0 0 `
EN_TH

TH 603 2 100 0 108 16 0 10 0 0 6
EN_TH

TH 605 2 100 0 240 16 1 10 0 0 6
EN_TH

TH 1091 1 100 0 0 0 0 15 0 0 6
Val money 59 0 0 0 0 0 0 0 `
EN_TH

TH 639 2 100 0 47 13 0 10 0 0 6
EN_TH

TH 1091 1 100 0 0 0 0 15 0 0 6
Val money 77 3 0 0 0 0 0 0 `
EN_TH

TH 636 2 100 0 53 2 0 10 0 0 6
EN_TH

TH 1091 1 100 0 0 0 0 15 0 0 6
Val money 62 0 0 0 0 0 0 0 `
EN_TH

TH 635 2 100 0 52 9 0 10 0 0 6
EN_TH

TH 645 2 100 0 97 11 0 10 0 0 6
EN_TH

TH 604 2 100 0 99 16 0 10 0 0 6
EN_TH

TH 600 2 100 0 93 16 1 10 0 0 6
EN_TH

TH 635 2 100 0 52 0 0 10 0 0 6
EN_TH

TH 1092 1 100 0 0 0 0 30 0 0 6
Val money 257 4 0 0 0 0 0 0 `
EN_TH

TH 646 2 100 0 110 13 0 10 0 0 6
EN_TH

TH 601 2 100 0 95 16 0 10 0 0 6
EN_TH

TH 640 2 100 0 47 17 0 10 0 0 6
EN_TH

TH 649 2 100 0 101 21 0 10 0 0 6
EN_TH

TH 1092 1 100 0 0 0 0 30 0 0 6
Val money 291 6 0 0 0 0 0 0 `
EN_TH

TH 643 2 100 0 101 2 0 10 0 0 6
EN_TH

TH 635 2 100 0 45 9 0 10 0 0 6
EN_TH

TH 1092 1 100 0 0 0 0 30 0 0 6
Val money 240 3 0 0 0 0 0 0 `
EN_TH

TH 601 2 100 0 92 16 0 10 0 0 6
EN_TH

TH 1074 0 0 0 0 0 0 0 0 0 6
EN_TH

TH 1091 1 100 0 0 0 0 15 0 0 6
Val money 54 0 0 0 0 0 0 0 `
EN_TH

TH 636 2 100 0 47 2 0 10 0 0 6
EN_TH

TH 603 2 100 0 90 16 0 10 0 0 6
EN_TH

TH 606 2 100 0 231 16 1 10 0 0 6
EN_TH

TH 1092 1 100 0 0 0 0 30 0 0 6
Val money 160 1 0 0 0 0 0 0 `
EN_TH

TH 639 2 100 0 53 13 0 10 0 0 6
EN_TH

TH 602 2 100 0 93 16 0 10 0 0 6
EN_TH

TH 600 2 100 0 102 16 1 10 0 0 6
EN_TH

TH 648 2 100 0 101 19 0 10 0 0 6
EN_TH

TH 641 2 100 0 48 0 0 10 0 0 6
EN_TH

TH 1092 1 100 0 0 0 0 30 0 0 6
Val money 231 0 1 0 0 0 0 0 `
EN_TH

TH 601 2 100 0 110 16 0 10 0 0 6
EN_TH

TH 656 2 100 0 0 17 0 0 0 0 6
EN_TH

TH 653 2 100 0 316 21 0 20 0 0 6
EN_TH

TH 1092 1 100 0 0 0 0 30 0 0 6
Val money 252 8 0 0 0 0 0 0 `
EN_TH

TH 637 2 100 0 45 7 0 10 0 0 6
EN_TH

TH 608 2 100 0 257 16 0 10 0 0 6
EN_TH

TH 640 2 100 0 47 17 0 10 0 0 6
EN_TH

TH 1091 1 100 0 0 0 0 15 0 0 6
Val money 59 2 0 0 0 0 0 0 `
EN_TH

TH 637 2 100 0 45 7 0 10 0 0 6
EN_TH

TH 607 2 100 0 266 16 0 10 0 0 6
EN_TH

TH 1091 1 100 0 0 0 0 15 0 0 6
Val money 65 2 0 0 0 0 0 0 `
EN_TH

TH 636 2 100 0 45 2 0 10 0 0 6
EN_TH

TH 637 2 100 0 54 7 0 10 0 0 6
EN_TH

TH 646 2 100 0 99 13 0 10 0 0 6
EN_TH

TH 604 2 100 0 99 16 0 10 0 0 6
EN_TH

TH 1091 1 100 0 0 0 0 15 0 0 6
Val money 89 1 0 0 0 0 0 0 `
EN_TH

TH 635 2 100 0 45 9 0 10 0 0 6
EN_TH

TH 600 2 100 0 91 16 0 10 0 0 6
EN_TH

TH 604 2 100 0 90 16 1 10 0 0 6
EN_TH

TH 1091 1 100 0 0 0 0 15 0 0 6
Val money 61 0 0 0 0 0 0 0 `
EN_TH

TH 637 2 100 0 54 7 0 10 0 0 6
EN_TH

TH 638 2 100 0 54 11 0 10 0 0 6
EN_TH

TH 603 2 100 0 110 16 0 10 0 0 6
EN_TH

TH 600 2 100 0 92 16 1 10 0 0 6
EN_TH

TH 1092 1 100 0 0 0 0 30 0 0 6
Val money 266 2 1 0 0 0 0 0 `
EN_TH

TH 650 2 100 0 105 9 0 20 0 0 6
EN_TH

TH 602 2 100 0 103 16 0 10 0 0 6
EN_TH

TH 642 2 100 0 53 21 0 10 0 0 6
EN_TH

TH 1092 1 100 0 0 0 0 30 0 0 6
Val money 300 2 1 0 0 0 0 0 `
EN_TH

TH 635 2 100 0 54 9 0 10 0 0 6
EN_TH

TH 613 2 100 0 473 16 0 15 0 0 6
EN_TH

TH 649 2 100 0 99 21 0 10 0 0 6
EN_TH


END_SHORT_THINGS
